Accuracy: 83.18%
Confusion matrix:
[[ 485  457    6    0    0    1   31    0    0    0]
 [   0 1130    0    0    1    1    2    1    0    0]
 [   0   20 1012    0    0    0    0    0    0    0]
 [   0    6    5  989    0    6    0    1    3    0]
 [   0   40    8    0  934    0    0    0    0    0]
 [   0  133    8    3    1  740    7    0    0    0]
 [  16   80   25    0    4    2  830    0    1    0]
 [   0   59   48    2    2    1    0  916    0    0]
 [   0  112   41    3    2    4   19    7  785    1]
 [   0  459   29    1   12    6    0    4    1  497]]
